
#---------------------------------------------------------------#
#                       SCRIPT NUMBER 3                         #
#          SCRIPT TO MASK CLOUDS AND SHADOW CLOUDS              #
#---------------------------------------------------------------#

# --- ONCE THE LANDSAT IMAGES OF "QA_PIXEL" BAND HAVE BEEN DOWNLOADED FROM GEE,
#     WE PROCEED TO BINARIZE THEIR PIXELS IN IT IS CLOUD =0 OR IS TERRAIN =1 --- #


# --- TO RECLASSIFY WHETHER THE VALUE IS CLOUD, SNOW OR CLOUD SHADOWS THE "NUBESSI" SET IS USED.
#     IT IDENTIFIES POSSIBLE VALUES FOR THESE CONDITIONS DEPENDING ON THE BIT SET ACCORDING TO THE DOCUMENTATION --- #

#---------------------------------------------------------------#

NubesSi <- c(0,
             5632,5634,5640,5642,5648,5650,5656,5658,5664,5666,5672,5674,5680,5682,5688,5690,
             5696,5698,5704,5706,5712,5714,5720,5722,5728,5730,5736,5738,5744,5746,5752,5754,
             5760,5762,5768,5770,5776,5778,5784,5786,5792,5794,5800,5802,5808,5810,5816,5818,
             5824,5826,5832,5834,5840,5842,5848,5850,5856,5858,5864,5866,5872,5874,5880,5882,
             5888,5890,5896,5898,5904,5906,5912,5914,5920,5922,5928,5930,5936,5938,5944,5946,
             5952,5954,5960,5962,5968,5970,5976,5978,5984,5986,5992,5994,6000,6002,6008,6010,
             6016,6018,6024,6026,6032,6034,6040,6042,6048,6050,6056,6058,6064,6066,6072,6074,
             6080,6082,6088,6090,6096,6098,6104,6106,6112,6114,6120,6122,6128,6130,6136,6138,
             6400,6402,6408,6410,6416,6418,6424,6426,6432,6434,6440,6442,6448,6450,6456,6458,
             6464,6466,6472,6474,6480,6482,6488,6490,6496,6498,6504,6506,6512,6514,6520,6522,
             6528,6530,6536,6538,6544,6546,6552,6554,6560,6562,6568,6570,6576,6578,6584,6586,
             6592,6594,6600,6602,6608,6610,6616,6618,6624,6626,6632,6634,6640,6642,6648,6650,
             6656,6658,6664,6666,6672,6674,6680,6682,6688,6690,6696,6698,6704,6706,6712,6714,
             6720,6722,6728,6730,6736,6738,6744,6746,6752,6754,6760,6762,6768,6770,6776,6778,
             6784,6786,6792,6794,6800,6802,6808,6810,6816,6818,6824,6826,6832,6834,6840,6842,
             6848,6850,6856,6858,6864,6866,6872,6874,6880,6882,6888,6890,6896,6898,6904,6906,
             6912,6914,6920,6922,6928,6930,6936,6938,6944,6946,6952,6954,6960,6962,6968,6970,
             6976,6978,6984,6986,6992,6994,7000,7002,7008,7010,7016,7018,7024,7026,7032,7034,
             7040,7042,7048,7050,7056,7058,7064,7066,7072,7074,7080,7082,7088,7090,7096,7098,
             7104,7106,7112,7114,7120,7122,7128,7130,7136,7138,7144,7146,7152,7154,7160,7162,
             7424,7426,7432,7434,7440,7442,7448,7450,7456,7458,7464,7466,7472,7474,7480,7482,
             7488,7490,7496,7498,7504,7506,7512,7514,7520,7522,7528,7530,7536,7538,7544,7546,
             7552,7554,7560,7562,7568,7570,7576,7578,7584,7586,7592,7594,7600,7602,7608,7610,
             7616,7618,7624,7626,7632,7634,7640,7642,7648,7650,7656,7658,7664,7666,7672,7674,
             7680,7682,7688,7690,7696,7698,7704,7706,7712,7714,7720,7722,7728,7730,7736,7738,
             7744,7746,7752,7754,7760,7762,7768,7770,7776,7778,7784,7786,7792,7794,7800,7802,
             7808,7810,7816,7818,7824,7826,7832,7834,7840,7842,7848,7850,7856,7858,7864,7866,
             7872,7874,7880,7882,7888,7890,7896,7898,7904,7906,7912,7914,7920,7922,7928,7930,
             7936,7938,7944,7946,7952,7954,7960,7962,7968,7970,7976,7978,7984,7986,7992,7994,
             8000,8002,8008,8010,8016,8018,8024,8026,8032,8034,8040,8042,8048,8050,8056,8058,
             8064,8066,8072,8074,8080,8082,8088,8090,8096,8098,8104,8106,8112,8114,8120,8122,
             8128,8130,8136,8138,8144,8146,8152,8154,8160,8162,8168,8170,8176,8178,8184,8186,
             9472,9474,9480,9482,9488,9490,9496,9498,9504,9506,9512,9514,9520,9522,9528,9530,
             9536,9538,9544,9546,9552,9554,9560,9562,9568,9570,9576,9578,9584,9586,9592,9594,
             9600,9602,9608,9610,9616,9618,9624,9626,9632,9634,9640,9642,9648,9650,9656,9658,
             9664,9666,9672,9674,9680,9682,9688,9690,9696,9698,9704,9706,9712,9714,9720,9722,
             9728,9730,9736,9738,9744,9746,9752,9754,9760,9762,9768,9770,9776,9778,9784,9786,
             9792,9794,9800,9802,9808,9810,9816,9818,9824,9826,9832,9834,9840,9842,9848,9850,
             9856,9858,9864,9866,9872,9874,9880,9882,9888,9890,9896,9898,9904,9906,9912,9914,
             9920,9922,9928,9930,9936,9938,9944,9946,9952,9954,9960,9962,9968,9970,9976,9978,
             9984,9986,9992,9994,10000,10002,10008,10010,10016,10018,10024,10026,10032,10034,
             10040,10042,10048,10050,10056,10058,10064,10066,10072,10074,10080,10082,10088,10090,
             10096,10098,10104,10106,10112,10114,10120,10122,10128,10130,10136,10138,10144,10146,
             10152,10154,10160,10162,10168,10170,10176,10178,10184,10186,10192,10194,10200,10202,
             10208,10210,10216,10218,10224,10226,10232,10234,10496,10498,10504,10506,10512,10514,
             10520,10522,10528,10530,10536,10538,10544,10546,10552,10554,10560,10562,10568,10570,
             10576,10578,10584,10586,10592,10594,10600,10602,10608,10610,10616,10618,10624,10626,
             10632,10634,10640,10642,10648,10650,10656,10658,10664,10666,10672,10674,10680,10682,
             10688,10690,10696,10698,10704,10706,10712,10714,10720,10722,10728,10730,10736,10738,
             10744,10746,10752,10754,10760,10762,10768,10770,10776,10778,10784,10786,10792,10794,
             10800,10802,10808,10810,10816,10818,10824,10826,10832,10834,10840,10842,10848,10850,
             10856,10858,10864,10866,10872,10874,10880,10882,10888,10890,10896,10898,10904,10906,
             10912,10914,10920,10922,10928,10930,10936,10938,10944,10946,10952,10954,10960,10962,
             10968,10970,10976,10978,10984,10986,10992,10994,11000,11002,11008,11010,11016,11018,
             11024,11026,11032,11034,11040,11042,11048,11050,11056,11058,11064,11066,11072,11074,
             11080,11082,11088,11090,11096,11098,11104,11106,11112,11114,11120,11122,11128,11130,
             11136,11138,11144,11146,11152,11154,11160,11162,11168,11170,11176,11178,11184,11186,
             11192,11194,11200,11202,11208,11210,11216,11218,11224,11226,11232,11234,11240,11242,
             11248,11250,11256,11258,11520,11522,11528,11530,11536,11538,11544,11546,11552,11554,
             11560,11562,11568,11570,11576,11578,11584,11586,11592,11594,11600,11602,11608,11610,
             11616,11618,11624,11626,11632,11634,11640,11642,11648,11650,11656,11658,11664,11666,
             11672,11674,11680,11682,11688,11690,11696,11698,11704,11706,11712,11714,11720,11722,
             11728,11730,11736,11738,11744,11746,11752,11754,11760,11762,11768,11770,11776,11778,
             11784,11786,11792,11794,11800,11802,11808,11810,11816,11818,11824,11826,11832,11834,
             11840,11842,11848,11850,11856,11858,11864,11866,11872,11874,11880,11882,11888,11890,
             11896,11898,11904,11906,11912,11914,11920,11922,11928,11930,11936,11938,11944,11946,
             11952,11954,11960,11962,11968,11970,11976,11978,11984,11986,11992,11994,12000,12002,
             12008,12010,12016,12018,12024,12026,12032,12034,12040,12042,12048,12050,12056,12058,
             12064,12066,12072,12074,12080,12082,12088,12090,12096,12098,12104,12106,12112,12114,
             12120,12122,12128,12130,12136,12138,12144,12146,12152,12154,12160,12162,12168,12170,
             12176,12178,12184,12186,12192,12194,12200,12202,12208,12210,12216,12218,12224,12226,
             12232,12234,12240,12242,12248,12250,12256,12258,12264,12266,12272,12274,12280,12282,
             13568,13570,13576,13578,13584,13586,13592,13594,13600,13602,13608,13610,13616,13618,
             13624,13626,13632,13634,13640,13642,13648,13650,13656,13658,13664,13666,13672,13674,
